538935977587515392
538935977579143169
538935977612697601
538935977579147264
538935977595908096
538935977604288512
538935977600106496
538935977612292096
538935977604313088
538935977608499200
538935977603903488
538935977574535168
538935977591709696
538935977574547456
538935977582948352
538935977612292097
538935977579143168
538935977603891202
538935977599705088
538935977591336960
538935977591713792
538935981790216192
538935981773430784
538935981777625088
538935981777637376
538935981802782720
538935981806981120
538935981802811392
538935981789835264
538935981794426880
538935981769240576
538935981777633280
538935981781823488
538935981794009088
538935981768843264
538935981773033472
538935981794017280
538935981789827072
538935985980321792
538935986001281024
538935985971949568
538935985984520192
538935985992896514
538935985979928578
538935985971941376
538935985992503296
538935985984122880
538935985984139264
538935990162042881
538935990174613504
538935990191423488
538935990178832384
538935990174220288
538935990170050560
538935990170423296
538935990182612993
538935990161661952
538935990170042368
538935990170025984
538935990162034688
538935990191419392
538935990157463552
538935990195220480
538935990178836480
538935990186819584
538935990174236673
538935990178426880
538935990191411200
538935994360557568
538935994360528896
538935994364739585
538935994385707008
538935994376925185
538935994364354560
538935994356355072
538935994389508096
538935994389909504
538935994364334081
538935994372747264
538935998567440384
538935998550667264
538935998550663169
538935998583808000
538935998554460163
538935998554447872
538935998558633984
538936002761719808
538936002765934593
538936002749140992
538936002757156864
538936002765914112
538936002761748480
538936002765541376
538936002761330688
538936002778505216
538936002761338880
538936002765545472
538936002740359168
538936002753339392
538936002761351169
538936006947659776
538936006968639489
538936006956048384
538936006972809216
538936006951849984
538936006938877952
538936006968614912
538936006939246594
538936006964424704
538936006951845889
538936006947667968
538936006972407809
538936006964035584
538936006943068160
538936006972829696
538936006968221696
538936006972424192
538936006964047872
538936011137773569
538936011137761280
538936011137757184
538936011146153984
538936011162939392
538936011158720513
538936011137372161
538936011154522112
538936011128975360
538936011158720512
538936011133186048
538936011145752576
538936011154145280
538936011149942785
538936011158335488
538936011133157376
538936015353044993
538936015344631808
538936015344635904
538936015336255489
538936015353024512
538936015356833793
538936015340048384
538936015335854082
538936015348436992
538936019522187264
538936019543150592
538936019538567168
538936019517575168
538936019526381569
538936019538554880
538936019538939905
538936019517583360
538936019534753792
538936019530166273
538936019517984768
538936019555319808
538936019526361088
538936019517587456
538936023737466882
538936023745843201
538936023741636608
538936023712272384
538936023729074176
538936023733268480
538936023745835008
538936023720660993
538936023745855488
538936023745839104
538936023729049600
538936023729049601
538936023716495361
538936023749652480
538936023724457984
538936023741247489
538936023728660480
538936023732854784
538936023733272576
538936023741243393
538936023729078273
538936023728656384
538936023716081664
538936027919163392
538936027931754496
538936027919159298
538936027935965184
538936027927552000
538936027931361280
538936027935952896
538936027923382272
538936027935948800
538936027927576576
538936027914567681
538936027910385664
538936027931758592
538936027940126720
538936027943931904
538936032121860096
538936032113483776
538936032134455296
538936032109268992
538936032134459393
538936032100876288
538936032100900866
538936032138629120
538936032104697856
538936032105103361
538936032100491264
538936032125665282
538936032109285376
538936032134045696
538936032125673472
538936032138641409
538936036311965696
538936036295188480
538936036332929024
538936036307767298
538936036320374784
538936036316180480
538936036324544512
538936036303200256
538936036295204864
538936036298997760
538936036299395073
538936036320350208
538936036307386368
538936036303183872
538936040489512961
538936040489508864
538936040502079488
538936040510476289
538936040523038721
538936040514654209
538936040514662400
538936040523055104
538936040510472192
538936040523051009
538936040502079489
538936040501682178
538936040510070785
538936040501682177
538936040497496064
538936040526839808
538936040514666496
538936040527241216
538936044700590080
538936044692189184
538936044688011264
538936044691812352
538936044691804160
538936044691783681
538936044687601664
538936044712779776
538936044683796480
538936044687601665
538936044704759808
538936044696399872
538936044704784385
538936044708577280
538936044716953601
538936044721164288
538936048886509568
538936048882286592
538936048911650816
538936048911650818
538936048890675200
538936048886513665
538936048894881792
538936048915865600
538936048907087873
538936048882290688
538936048902873088
538936048886116353
538936048886112256
538936048902868992
538936048881917952
538936048894488576
538936053072416768
538936053101776896
538936053072408576
538936053101776897
538936053080817664
538936053089193985
538936053105971201
538936053084979200
538936053110177793
538936053105958913
538936053093371906
538936053088804864
538936053105577984
538936053105958912
538936053072031744
538936053072023552
538936053093371907
538936053088800768
538936057283497984
538936057296076800
538936057275117568
538936057300258816
538936057270915072
538936057296084992
538936057283485696
538936057266704385
538936057270501376
538936057304481795
538936057270521856
538936057304055808
538936057278914560
538936057291481088
538936057270894592
538936057287299072
538936057283502080
538936057274712066
538936057266327552
538936057266311168
538936057287290881
538936057283506176
538936061461028864
538936061469401089
538936061494583296
538936061473603584
538936061473193984
538936061494190080
538936061498380288
538936061473214464
538936061469016064
538936061473198081
538936061481590784
538936061464817664
538936061477416960
538936065688895488
538936065663705088
538936065676279809
538936065676279808
538936065663709184
538936065676308480
538936065680474112
538936065676296192
538936065672114176
538936065671708672
538936065654935552
538936065675915264
538936065667502080
538936065675911168
538936065684295680
538936065680080896
538936065659129856
538936065654915072
538936065659506688
538936069853835264
538936069866393600
538936069849645056
538936069874794496
538936069862219776
538936069887393792
538936069858025472
538936069887373312
538936069849219073
538936069861806080
538936069853806592
538936069857632257
538936069866409984
538936069878591488
538936069886976000
538936069886984192
538936069861810177
538936074048126976
538936074069090304
538936074064896000
538936074081681408
538936074043928576
538936074047741952
538936074068709377
538936074056527872
538936074077106176
538936074056126464
538936074068697088
538936074056122368
538936078250823680
538936078246617088
538936078271799296
538936078263390208
538936078259195904
538936078259212291
538936078250438657
538936078275600384
538936078275969024
538936078263410689
538936078263017473
538936082440933376
538936082470301697
538936082466107392
538936082436718592
538936082432540672
538936082440925184
538936082440929280
538936082457722881
538936082466086912
538936082457694208
538936082444734464
538936082440523776
538936082469900288
538936082444718081
538936082466095104
538936082469892096
538936082432143360
538936082448928771
538936086631022592
538936086635229184
538936086652022784
538936086643617792
538936086655819776
538936086647406592
538936086651613185
538936086647418880
538936090837938177
538936090854686720
538936090837532674
538936090854719488
538936090824941568
538936090820743169
538936090850115584
538936095028039681
538936095036428288
538936095015440384
538936095044825088
538936095027625984
538936095015448576
538936095031836673
538936095023443968
538936095040233472
538936095015071746
538936095052795906
538936095032246272
538936099234930688
538936099230740480
538936099243327488
538936099213938689
538936099213946880
538936099234934784
538936099238707200
538936099209744384
538936099209351169
538936099247509506
538936099239112704
538936099234537472
538936099226537984
538936099247120385
538936099247517697
538936103425032192
538936103416635393
538936103404060672
538936103437598720
538936103416635392
538936103416651776
538936103441797121
538936103441797120
538936103425024001
538936103441813504
538936103429234689
538936103424634880
538936103412068352
538936103412060161
538936103412051968
538936103403659264
538936103412465664
538936103441809408
538936103412043776
538936103441817600
538936103433015296
538936103420829696
538936107598352385
538936107602546689
538936107619323904
538936107602546688
538936107623518210
538936107597967360
538936107623518209
538936107623546880
538936107631509504
538936107631517696
538936107627343872
538936107602173954
538936107614756865
538936107623145472
538936111817838594
538936111805243393
538936111817850880
538936111817834497
538936111805255680
538936111826239488
538936111792676865
538936111817838593
538936111801065472
538936111792267264
538936111796854784
538936111792279552
538936111825833984
538936111801065473
538936111817850881
538936111796457472
538936111813259264
